236
262
62
49
133
133
133
133
133
133
128
39
54
54
59
39
34
34
49
43
55
54
34
33
34
34
54
54
33
34
34
34
54
48
68
54
33
34
33
34
54
55
34
33
37
34
54
62
60
39
33
34
49
43
55
55
34
33
33
34
54
54
35
33
33
56
62
49
38
55
34
34
46
34
55
54
34
33
34
34
54
54
33
59
34
34
54
54
61
39
33
33
49
33
39
55
34
33
35
34
54
62
34
34
34
33
55
47
67
54
33
34
34
33
54
54
62
39
33
34
57
33
54
55
34
34
34
34
54
54
34
64
34
33
49
33
55
54
34
34
34
35
54
54
60
39
33
34
49
33
54
54
34
34
33
34
54
54
59
38
34
33
47
34
54
54
34
34
33
34
55
54
34
34
33
34
54
55
67
38
33
34
50
34
39
54
34
33
34
34
55
55
33
59
34
33
54
48
58
39
34
34
47
34
54
54
33
34
33
33
55
54
66
38
34
33
49
34
55
54
34
34
33
35
76
38
33
59
36
34
55
48
39
55
34
33
33
38
54
54
34
66
33
33
57
33
54
54
33
34
29
33
54
54
33
39
34
33
55
44
55
55
33
33
36
34
55
54
34
34
33
34
54
54
65
54
33
33
34
33
39
54
33
34
33
34
54
54
33
58
33
34
55
48
39
54
43
34
49
33
55
54
34
34
33
34
54
55
57
39
33
33
55
49
54
39
33
34
33
34
55
54
33
34
33
34
54
48
38
54
33
33
34
33
54
54
34
34
34
34
55
54
63
39
35
34
57
33
55
54
34
34
34
34
55
55
33
67
34
34
54
49
39
54
34
34
33
33
54
54
62
39
34
33
