38
56
34
33
133
133
134
133
133
133
34
34
48
34
54
54
34
33
33
33
55
54
34
63
34
34
54
49
91
55
34
33
34
34
54
54
34
33
34
34
54
54
67
39
34
33
56
34
54
54
34
33
34
34
54
54
34
63
33
34
55
50
38
54
35
34
33
35
55
55
33
33
34
34
54
54
34
39
33
33
54
54
34
39
34
34
54
34
54
75
33
34
34
34
53
54
33
62
34
35
54
41
64
55
33
34
34
34
55
54
34
40
34
33
49
34
55
54
34
33
34
34
54
54
40
53
34
34
49
34
55
54
34
34
34
33
55
55
33
62
34
33
54
59
55
55
34
34
33
34
54
54
59
38
33
33
48
34
54
54
34
34
33
33
55
55
34
63
34
34
55
49
38
54
34
34
54
34
55
54
34
34
34
34
54
54
34
62
33
34
49
33
39
54
34
33
34
35
55
54
34
33
34
34
54
55
34
67
34
34
54
34
54
54
33
34
34
34
54
54
34
66
34
34
54
60
39
55
34
34
33
33
54
54
33
66
35
35
55
47
39
54
64
34
33
34
54
54
60
39
33
34
49
34
54
56
34
34
34
34
54
55
35
66
33
34
55
49
59
39
34
34
58
34
54
54
34
34
34
35
54
54
34
59
34
33
49
34
39
54
34
34
34
33
54
54
33
33
34
34
54
50
40
53
33
33
48
44
55
54
33
34
34
34
54
55
34
59
34
34
55
48
65
54
34
34
34
33
54
54
33
34
33
33
55
54
67
38
34
34
74
33
54
55
34
34
34
34
54
54
63
39
34
33
48
34
54
54
34
34
34
33
54
54
33
38
34
33
49
33
54
55
33
33
